[OB x:5 y:0 #times:100] Cols: Time elev total_dd trend_dd
0.01 100.000000 8.16828e-16 0 8.16828e-16
0.0114976 100.000000 5.55504e-15 1.49757e-103 5.55504e-15
0.0132194 100.000000 1.00095e-13 3.21941e-103 1.00095e-13
0.0151991 100.000000 2.29503e-12 5.19911e-103 2.29503e-12
0.0174753 100.000000 3.8569e-11 7.47528e-103 3.8569e-11
0.0200923 100.000000 4.5684e-10 1.00923e-102 4.5684e-10
0.0231013 100.000000 3.93768e-09 1.31013e-102 3.93768e-09
0.0265609 100.000000 2.55709e-08 1.65609e-102 2.55709e-08
0.0305386 100.000000 1.29151e-07 2.05386e-102 1.29151e-07
0.0351119 99.999999 5.23668e-07 2.51119e-102 5.23668e-07
0.0403702 99.999998 1.77314e-06 3.03702e-102 1.77314e-06
0.0464159 99.999995 5.32576e-06 3.64159e-102 5.32576e-06
0.053367 99.999985 1.54818e-05 4.3367e-102 1.54818e-05
0.0613591 99.999953 4.69948e-05 5.13591e-102 4.69948e-05
0.070548 99.999851 0.000148921 6.0548e-102 0.000148921
0.0811131 99.999537 0.000463039 7.11131e-102 0.000463039
0.0932603 99.998664 0.00133637 8.32603e-102 0.00133637
0.107227 99.996508 0.00349188 9.72267e-102 0.00349188
0.123285 99.991773 0.00822711 1.13285e-101 0.00822711
0.141747 99.982429 0.0175706 1.31747e-101 0.0175706
0.162975 99.965694 0.0343065 1.52975e-101 0.0343065
0.187382 99.938201 0.0617989 1.77382e-101 0.0617989
0.215443 99.896390 0.10361 2.05443e-101 0.10361
0.247708 99.837021 0.162979 2.37708e-101 0.162979
0.284804 99.757692 0.242308 2.74804e-101 0.242308
0.327455 99.657225 0.342775 3.17455e-101 0.342775
0.376494 99.535798 0.464202 3.66494e-101 0.464202
0.432876 99.394814 0.605186 4.22876e-101 0.605186
0.497702 99.236570 0.76343 4.87702e-101 0.76343
0.572237 99.063840 0.93616 5.62237e-101 0.93616
0.657933 98.879513 1.12049 6.47933e-101 1.12049
0.756463 98.686368 1.31363 7.46463e-101 1.31363
0.869749 98.487029 1.51297 8.59749e-101 1.51297
1 98.284051 1.71595 9.9e-101 1.71595
1.14976 98.080056 1.91994 1.13976e-100 1.91994
1.32194 97.877845 2.12215 1.31194e-100 2.12215
1.51991 97.680399 2.3196 1.50991e-100 2.3196
1.74753 97.490774 2.50923 1.73753e-100 2.50923
2.00923 97.311896 2.6881 1.99923e-100 2.6881
2.31013 97.146324 2.85368 2.30013e-100 2.85368
2.65609 96.996030 3.00397 2.64609e-100 3.00397
3.05386 96.862229 3.13777 3.04386e-100 3.13777
3.51119 96.745287 3.25471 3.50119e-100 3.25471
4.03702 96.644705 3.3553 4.02702e-100 3.3553
4.64159 96.559179 3.44082 4.63159e-100 3.44082
5.3367 96.486737 3.51326 5.3267e-100 3.51326
6.13591 96.424939 3.57506 6.12591e-100 3.57506
7.0548 96.371110 3.62889 7.0448e-100 3.62889
8.11131 96.322584 3.67742 8.10131e-100 3.67742
9.32603 96.276915 3.72309 9.31603e-100 3.72309
10.7227 96.232022 3.76798 1.07127e-99 3.76798
12.3285 96.186246 3.81375 1.23185e-99 3.81375
14.1747 96.138331 3.86167 1.41647e-99 3.86167
16.2975 96.087340 3.91266 1.62875e-99 3.91266
18.7382 96.032548 3.96745 1.87282e-99 3.96745
21.5443 95.973344 4.02666 2.15343e-99 4.02666
24.7708 95.909149 4.09085 2.47608e-99 4.09085
28.4804 95.839370 4.16063 2.84704e-99 4.16063
32.7455 95.763367 4.23663 3.27355e-99 4.23663
37.6494 95.680438 4.31956 3.76394e-99 4.31956
43.2876 95.589806 4.41019 4.32776e-99 4.41019
49.7702 95.490607 4.50939 4.97602e-99 4.50939
57.2237 95.381885 4.61811 5.72137e-99 4.61811
65.7933 95.262576 4.73742 6.57833e-99 4.73742
75.6463 95.131499 4.8685 7.56363e-99 4.8685
86.9749 94.987351 5.01265 8.69649e-99 5.01265
100 94.828691 5.17131 9.999e-99 5.17131
114.976 94.653937 5.34606 1.14966e-98 5.34606
132.194 94.461361 5.53864 1.32184e-98 5.53864
151.991 94.249083 5.75092 1.51981e-98 5.75092
174.753 94.015081 5.98492 1.74743e-98 5.98492
200.923 93.757197 6.2428 2.00913e-98 6.2428
231.013 93.473159 6.52684 2.31003e-98 6.52684
265.609 93.160610 6.83939 2.65599e-98 6.83939
305.386 92.817149 7.18285 3.05376e-98 7.18285
351.119 92.440390 7.55961 3.51109e-98 7.55961
403.702 92.028036 7.97196 4.03692e-98 7.97196
464.159 91.577956 8.42204 4.64149e-98 8.42204
533.67 91.088292 8.91171 5.3366e-98 8.91171
613.591 90.557559 9.44244 6.13581e-98 9.44244
705.48 89.984752 10.0152 7.0547e-98 10.0152
811.131 89.369444 10.6306 8.11121e-98 10.6306
932.603 88.711865 11.2881 9.32593e-98 11.2881
1072.27 88.012950 11.987 1.07226e-97 11.987
1232.85 87.274348 12.7257 1.23284e-97 12.7257
1417.47 86.498374 13.5016 1.41746e-97 13.5016
1629.75 85.687923 14.3121 1.62974e-97 14.3121
1873.82 84.846324 15.1537 1.87381e-97 15.1537
2154.43 83.977171 16.0228 2.15442e-97 16.0228
2477.08 83.084135 16.9159 2.47707e-97 16.9159
2848.04 82.170785 17.8292 2.84803e-97 17.8292
3274.55 81.240443 18.7596 3.27454e-97 18.7596
3764.94 80.296077 19.7039 3.76493e-97 19.7039
4328.76 79.340252 20.6597 4.32875e-97 20.6597
4977.02 78.375117 21.6249 4.97701e-97 21.6249
5722.37 77.402438 22.5976 5.72236e-97 22.5976
6579.33 76.423639 23.5764 6.57932e-97 23.5764
7564.63 75.439862 24.5601 7.56462e-97 24.5601
8697.49 74.452015 25.548 8.69748e-97 25.548
10000 73.460821 26.5392 9.99999e-97 26.5392
